13844
28396
11145
7526
22593
6184
19369
27138
28459
29568
7438
12675
19620
21401
6221
27677
5468
5255
10358
6808
12191
28308
25666
15731
23354
23902
26271
27256
8479
7819
6742
24477
15532
17144
21027
10916
8763
16757
21216
14122
15821
19166
26782
21674
5937
19448
14115
12588
11836
15774
17767
24140
9930
5432
26886
8389
26846
10191
22757
9747
26235
13263
7638
15611
8506
16607
20810
25126
22646
10087
9763
18361
8532
23508
17000
6473
25385
28631
18227
29474
27909
5871
19665
12737
28666
14708
23288
18894
23644
8087
8468
26201
7697
8280
8757
14275
19312
15182
6285
25818
29985
6509
22156
13593
15447
28797
27936
18704
9892
26303
11780
6272
6636
26473
27962
22988
21649
24839
16735
9484
